958,5132762659821 17,811526528703325 149,12927472161874
951,807341914823 739,9182178882809 55,88630390503735
466,31226549210334 66,42628771812664 829,1412614218059
221,0187090727893 700,5218209237382 67,81102363990766
321,0425670376876 423,1917567533211 723,7930573356209
711,8920520469819 892,119854011993 32,95641046216902
452,5334271002347 247,24865456103885 352,6014968536002
396,933304564635 347,2329336872023 330,0596416597971
677,3994068804668 514,9518257874433 675,5952145499085
456,1751672279518 165,366519027474 648,6324635923951
